[Paper0]
Name=Phil Legal (8.5 x 13 in)
DisplayName=Phil Legal (8.5 x 13 in)
Width=215.90000000000001
Height=330.19999999999999
MarginTop=0
MarginBottom=0
MarginLeft=0
MarginRight=0
Orientation=portrait
